################################################################################
# Collectl:   V4.3.1-1  HiRes: 1  Options: -sdDcCmMnN -file -P -F60 -oz -f /var/log/collectl
# Host:       vm0  DaemonOpts:
# Booted:     1616430681.98 [20210322-12:31:21]
# Distro:     debian stretch/sid, Ubuntu 16.04.1 LTS  Platform: PowerEdge C8220
# Date:       20210322-173903  Secs: 1616449143 TZ: -0400
# SubSys:     dDcCmMnN Options: z Interval: 1 NumCPUs: 40 [HYPER] NumBud: 0 Flags: i
# Filters:    NfsFilt:  EnvFilt:  TcpFilt: ituc
# HZ:         100  Arch: x86_64-linux-gnu-thread-multi PageSize: 4096
# Cpu:        GenuineIntel Speed(MHz): 2200.000 Cores: 10  Siblings: 20 Nodes: 2
# Kernel:     4.4.0-204-generic  Memory: 263927764 kB  Swap: 3145724 kB
# NumDisks:   3 DiskNames: sda sdb dm-0
# NumNets:    5 NetNames: lo:?? enp130s0f0:10000 eno2:?? eno1:1000 enp130s0f1:??
# SCSI:       DA:4:00:00:00 DA:5:00:00:00
################################################################################
#Date Time [CPU]User% [CPU]Nice% [CPU]Sys% [CPU]Wait% [CPU]Irq% [CPU]Soft% [CPU]Steal% [CPU]Idle% [CPU]Totl% [CPU]Guest% [CPU]GuestN% [CPU]Intrpt/sec [CPU]Ctx/sec [CPU]Proc/sec [CPU]ProcQue [CPU]ProcRun [CPU]L-Avg1 [CPU]L-Avg5 [CPU]L-Avg15 [CPU]RunTot [CPU]BlkTot [MEM]Tot [MEM]Used [MEM]Free [MEM]Shared [MEM]Buf [MEM]Cached [MEM]Slab [MEM]Map [MEM]Anon [MEM]AnonH [MEM]Commit [MEM]Locked [MEM]SwapTot [MEM]SwapUsed [MEM]SwapFree [MEM]SwapIn [MEM]SwapOut [MEM]Dirty [MEM]Clean [MEM]Laundry [MEM]Inactive [MEM]PageIn [MEM]PageOut [MEM]PageFaults [MEM]PageMajFaults [MEM]HugeTotal [MEM]HugeFree [MEM]HugeRsvd [MEM]SUnreclaim [NET]RxPktTot [NET]TxPktTot [NET]RxKBTot [NET]TxKBTot [NET]RxCmpTot [NET]RxMltTot [NET]TxCmpTot [NET]RxErrsTot [NET]TxErrsTot [DSK]ReadTot [DSK]WriteTot [DSK]OpsTot [DSK]ReadKBTot [DSK]WriteKBTot [DSK]KbTot [DSK]ReadMrgTot [DSK]WriteMrgTot [DSK]MrgTot
20210322 17:39:05 0 0 0 0 0 0 0 100 0 0 0 990 1177 4 1200 0 0.00 0.13 0.21 0 0 263927764 44074680 219853084 9816 349456 35854952 1317720 78604 5917924 0 21047092 3652 3145724 0 3145724 0 0 104 0 0 22062604 0 16 1544 0 0 0 0 107904 361 109 44 20 0 0 0 0 0 0 4 4 0 16 16 0 2 2
20210322 17:39:06 0 0 0 0 0 0 0 100 0 0 0 1218 1486 5 1200 1 0.00 0.13 0.21 0 0 263927764 44074128 219853636 9816 349464 35854968 1317724 78644 5918088 0 21047092 3652 3145724 0 3145724 0 0 200 0 0 22062620 0 184 2898 0 0 0 0 107904 401 148 54 25 0 0 0 0 0 0 15 15 0 184 184 0 30 30
20210322 17:39:07 0 0 0 0 0 0 0 100 0 0 0 750 970 1 1198 0 0.00 0.13 0.21 0 0 263927764 44073608 219854156 9816 349464 35854968 1317724 78060 5917516 0 21047092 3652 3145724 0 3145724 0 0 216 0 0 22062620 0 0 2087 0 0 0 0 107904 302 51 27 8 0 0 0 0 0 0 0 0 0 0 0 0 0 0
20210322 17:39:08 0 0 0 0 0 0 0 100 0 0 0 915 1142 0 1198 0 0.00 0.12 0.21 0 0 263927764 44074032 219853732 9816 349464 35854968 1317724 78060 5917372 0 21047092 3652 3145724 0 3145724 0 0 216 0 0 22062628 0 8 2832 0 0 0 0 107904 321 43 34 5 0 0 0 0 0 0 6 6 0 8 8 0 0 0
20210322 17:39:09 0 0 0 0 0 0 0 100 0 0 0 626 858 0 1198 0 0.00 0.12 0.21 1 0 263927764 44074092 219853672 9816 349464 35854968 1317724 78060 5917448 0 21047092 3652 3145724 0 3145724 0 0 216 0 0 22062628 0 0 89 0 0 0 0 107904 278 23 23 2 0 1 0 0 0 0 0 0 0 0 0 0 0 0
20210322 17:39:10 0 0 0 0 0 0 0 100 0 0 0 557 872 0 1198 0 0.00 0.12 0.21 0 0 263927764 44073824 219853940 9816 349464 35854968 1317732 78060 5917504 0 21047092 3652 3145724 0 3145724 0 0 216 0 0 22062628 0 0 88 0 0 0 0 107904 305 20 23 2 0 0 0 0 0 0 0 0 0 0 0 0 0 0
20210322 17:39:11 0 0 0 0 0 0 0 100 0 0 0 671 944 0 1198 0 0.00 0.12 0.21 0 0 263927764 44073760 219854004 9816 349464 35854968 1317732 78060 5917504 0 21047092 3652 3145724 0 3145724 0 0 216 0 0 22062628 0 0 202 0 0 0 0 107904 280 36 29 4 0 0 0 0 0 0 0 0 0 0 0 0 0 0
20210322 17:39:12 0 0 0 0 0 0 0 100 0 0 0 641 1007 0 1198 0 0.00 0.12 0.21 0 0 263927764 44073752 219854012 9816 349476 35854968 1317732 78060 5917576 0 21047092 3652 3145724 0 3145724 0 0 220 0 0 22062628 0 32 803 0 0 0 0 107904 286 21 23 2 0 0 0 0 0 0 6 6 0 32 32 0 4 4
20210322 17:39:13 0 0 0 0 0 0 0 100 0 0 0 660 965 0 1198 0 0.00 0.12 0.21 0 0 263927764 44073596 219854168 9816 349476 35854968 1317732 78060 5917612 0 21047092 3652 3145724 0 3145724 0 0 220 0 0 22062628 0 0 202 0 0 0 0 107904 303 34 39 3 0 0 0 0 0 0 0 0 0 0 0 0 0 0
20210322 17:39:14 0 0 0 0 0 0 0 100 0 0 0 636 978 0 1197 0 0.00 0.12 0.21 0 0 263927764 44073580 219854184 9816 349476 35854976 1317732 78060 5917660 0 21047092 3652 3145724 0 3145724 0 0 228 0 0 22062628 0 12 213 0 0 0 0 107904 301 43 36 7 0 0 0 0 0 0 9 9 0 12 12 0 0 0
20210322 17:39:15 0 0 0 0 0 0 0 100 0 0 0 611 863 0 1197 0 0.00 0.12 0.21 0 0 263927764 44073580 219854184 9816 349476 35854976 1317732 78060 5917660 0 21047092 3652 3145724 0 3145724 0 0 228 0 0 22062628 0 0 60 0 0 0 0 107904 272 21 22 2 0 0 0 0 0 0 0 0 0 0 0 0 0 0
20210322 17:39:16 0 0 0 0 0 0 0 100 0 0 0 622 1022 0 1197 0 0.00 0.12 0.21 0 0 263927764 44073328 219854436 9816 349476 35854976 1317732 78060 5917776 0 21047092 3652 3145724 0 3145724 0 0 228 0 0 22062628 0 0 141 0 0 0 0 107904 303 29 25 3 0 0 0 0 0 0 0 0 0 0 0 0 0 0
20210322 17:39:17 0 0 0 0 0 0 0 100 0 0 0 673 885 0 1197 0 0.00 0.12 0.21 0 0 263927764 44073328 219854436 9816 349476 35854976 1317732 78060 5917776 0 21047092 3652 3145724 0 3145724 0 0 228 0 0 22062628 0 0 457 0 0 0 0 107904 271 24 23 3 0 0 0 0 0 0 0 0 0 0 0 0 0 0
20210322 17:39:18 0 0 0 0 0 0 0 100 0 0 0 598 970 0 1197 0 0.00 0.12 0.21 0 0 263927764 44073576 219854188 9816 349476 35854976 1317732 78060 5917848 0 21047092 3652 3145724 0 3145724 0 0 228 0 0 22062636 0 0 468 0 0 0 0 107904 308 24 26 2 0 0 0 0 0 0 0 0 0 0 0 0 0 0
20210322 17:39:19 0 0 0 0 0 0 0 100 0 0 0 596 880 0 1197 0 0.00 0.12 0.21 1 0 263927764 44073320 219854444 9816 349492 35854968 1317732 78060 5917884 0 21047092 3652 3145724 0 3145724 0 0 228 0 0 22062636 0 48 75 0 0 0 0 107904 292 19 22 2 0 0 0 0 0 0 7 7 0 48 48 0 7 7
20210322 17:39:20 0 0 0 0 0 0 0 100 0 0 0 690 1105 0 1197 0 0.00 0.12 0.21 0 0 263927764 44072924 219854840 9816 349492 35854976 1317732 78060 5917976 0 21047092 3652 3145724 0 3145724 0 0 220 0 0 22062636 0 8 216 0 0 0 0 107904 327 42 33 5 0 0 0 0 0 0 6 6 0 8 8 0 0 0
20210322 17:39:21 0 0 0 0 0 0 0 100 0 0 0 663 983 0 1197 0 0.00 0.12 0.21 0 0 263927764 44072676 219855088 9816 349492 35854984 1317732 78060 5918048 0 21047092 3652 3145724 0 3145724 0 0 224 0 0 22062636 0 4 460 0 0 0 0 107904 306 32 29 3 0 0 0 0 0 0 1 1 0 4 4 0 0 0
20210322 17:39:22 0 0 0 0 0 0 0 100 0 0 0 529 857 0 1197 0 0.00 0.12 0.21 0 0 263927764 44072800 219854964 9816 349492 35854984 1317732 78060 5918100 0 21047092 3652 3145724 0 3145724 0 0 224 0 0 22062636 0 0 129 0 0 0 0 107904 285 16 21 2 0 0 0 0 0 0 0 0 0 0 0 0 0 0
20210322 17:39:23 0 0 0 0 0 0 0 100 0 0 0 615 983 0 1197 0 0.00 0.12 0.21 0 0 263927764 44072800 219854964 9816 349492 35854984 1317732 78060 5918100 0 21047092 3652 3145724 0 3145724 0 0 224 0 0 22062636 0 0 390 0 0 0 0 107904 252 30 25 3 0 0 0 0 0 0 0 0 0 0 0 0 0 0
20210322 17:39:24 0 0 0 0 0 0 0 100 0 0 0 596 975 0 1197 0 0.00 0.12 0.21 0 0 263927764 44073168 219854596 9816 349492 35854984 1317732 78060 5918176 0 21047092 3652 3145724 0 3145724 0 0 224 0 0 22062636 0 0 121 0 0 0 0 107904 261 27 26 3 0 0 0 0 0 0 0 0 0 0 0 0 0 0
20210322 17:39:25 0 0 0 0 0 0 0 100 0 0 0 591 887 0 1197 0 0.00 0.12 0.21 0 0 263927764 44072736 219855028 9816 349492 35854984 1317732 78060 5918212 0 21047092 3652 3145724 0 3145724 0 0 224 0 0 22062636 0 0 52 0 0 0 0 107904 268 17 20 2 0 0 0 0 0 0 0 0 0 0 0 0 0 0
20210322 17:39:26 0 0 0 0 0 0 0 100 0 0 0 648 1052 0 1197 0 0.00 0.12 0.21 0 0 263927764 44072612 219855152 9816 349504 35854984 1317732 78060 5918236 0 21047092 3652 3145724 0 3145724 0 0 212 0 0 22062636 0 68 152 0 0 0 0 107904 313 43 30 7 0 0 0 0 0 0 18 18 0 68 68 0 6 6
20210322 17:39:27 0 0 0 0 0 0 0 100 0 0 0 598 831 0 1197 0 0.00 0.12 0.21 0 0 263927764 44072612 219855152 9816 349504 35854984 1317732 78060 5918236 0 21047092 3652 3145724 0 3145724 0 0 212 0 0 22062636 0 0 61 0 0 0 0 107904 298 21 24 2 0 0 0 0 0 0 0 0 0 0 0 0 0 0
20210322 17:39:28 0 0 0 0 0 0 0 100 0 0 0 722 1127 0 1197 0 0.00 0.12 0.21 0 0 263927764 44072604 219855160 9816 349504 35854992 1317732 78060 5918408 0 21047092 3652 3145724 0 3145724 0 0 228 0 0 22062636 0 12 166 0 0 0 0 107904 338 42 40 6 0 0 0 0 0 0 9 9 0 12 12 0 0 0
20210322 17:39:29 0 0 0 0 0 0 0 100 0 0 0 662 967 0 1197 0 0.00 0.12 0.21 1 0 263927764 44072480 219855284 9816 349504 35855008 1317732 78060 5918508 0 21047092 3652 3145724 0 3145724 0 0 244 0 0 22062636 0 0 360 0 0 0 0 107904 299 36 32 4 0 0 0 0 0 0 0 0 0 0 0 0 0 0
20210322 17:39:30 0 0 0 0 0 0 0 100 0 0 0 610 938 0 1197 0 0.00 0.12 0.21 0 0 263927764 44072404 219855360 9816 349504 35855008 1317732 78060 5918624 0 21047092 3652 3145724 0 3145724 0 0 244 0 0 22062636 0 0 84 0 0 0 0 107904 286 28 24 3 0 0 0 0 0 0 0 0 0 0 0 0 0 0
20210322 17:39:31 0 0 0 0 0 0 0 100 0 0 0 715 1053 1 1197 0 0.00 0.12 0.21 0 0 263927764 44072280 219855484 9816 349508 35855004 1317732 78060 5918696 0 21047092 3652 3145724 0 3145724 0 0 108 0 0 22062636 0 188 143 0 0 0 0 107904 278 40 27 6 0 0 0 0 0 0 38 38 0 188 188 0 10 10
20210322 17:39:32 0 0 0 0 0 0 0 100 0 0 0 711 1175 0 1197 0 0.00 0.12 0.21 0 0 263927764 44072024 219855740 9816 349516 35855012 1317732 78060 5918740 0 21047092 3652 3145724 0 3145724 0 0 112 0 0 22062640 0 40 549 0 0 0 0 107904 318 42 29 9 0 0 0 0 0 0 19 19 0 40 40 0 2 2
20210322 17:39:33 0 0 0 0 0 0 0 100 0 0 0 718 1129 0 1197 0 0.00 0.11 0.20 0 0 263927764 44072024 219855740 9816 349516 35855012 1317732 78060 5918984 0 21047092 3652 3145724 0 3145724 0 0 116 0 0 22062636 0 8 228 0 0 0 0 107904 340 44 35 5 0 0 0 0 0 0 6 6 0 8 8 0 0 0
20210322 17:39:34 0 0 0 0 0 0 0 100 0 0 0 639 1036 1 1198 0 0.00 0.11 0.20 0 0 263927764 44071776 219855988 9816 349516 35855012 1317732 78060 5919100 0 21047092 3652 3145724 0 3145724 0 0 120 0 0 22062668 0 8 298 0 0 0 0 107904 320 24 26 2 0 0 0 0 0 0 1 1 0 8 8 0 1 1
20210322 17:39:35 0 0 0 0 0 0 0 100 0 0 0 624 913 1 1198 0 0.00 0.11 0.20 0 0 263927764 44071884 219855880 9816 349516 35855012 1317732 78060 5919188 0 21047092 3652 3145724 0 3145724 0 0 120 0 0 22062668 0 0 94 0 0 0 0 107904 303 25 26 3 0 0 0 0 0 0 0 0 0 0 0 0 0 0
20210322 17:39:36 0 0 0 0 0 0 0 100 0 0 0 821 1355 2 1199 0 0.00 0.11 0.20 0 0 263927764 44071752 219856012 9816 349516 35855012 1317732 78060 5919396 0 21047092 3652 3145724 0 3145724 0 0 104 0 0 22062668 0 60 426 0 0 0 0 107904 341 101 36 74 0 0 0 0 0 0 17 17 0 60 60 0 0 0
20210322 17:39:37 0 0 0 0 0 0 0 100 0 0 0 628 930 0 1199 0 0.00 0.11 0.20 0 0 263927764 44071748 219856016 9816 349516 35855020 1317736 78060 5919588 0 21047092 3652 3145724 0 3145724 0 0 128 0 0 22062664 0 16 170 0 0 0 0 107904 244 33 25 4 0 0 0 0 0 0 12 12 0 16 16 0 0 0
20210322 17:39:38 0 0 0 0 0 0 0 100 0 0 0 643 1006 0 1199 0 0.00 0.11 0.20 0 0 263927764 44071872 219855892 9816 349532 35855012 1317736 78060 5919688 0 21047092 3652 3145724 0 3145724 0 0 136 0 0 22062664 0 76 101 0 0 0 0 107904 284 34 26 5 0 0 0 0 0 0 11 11 0 76 76 0 12 12
20210322 17:39:39 0 0 0 0 0 0 0 100 0 0 0 693 971 0 1199 0 0.00 0.11 0.20 1 0 263927764 44072088 219855676 9816 349532 35855020 1317736 78060 5919944 0 21047092 3652 3145724 0 3145724 0 0 136 0 0 22062664 0 28 187 0 0 0 0 107904 307 40 31 5 0 1 0 0 0 0 15 15 0 28 28 0 0 0
20210322 17:39:40 0 0 0 0 0 0 0 100 0 0 0 648 1114 0 1199 0 0.00 0.11 0.20 0 0 263927764 44071908 219855856 9816 349532 35855020 1317736 78060 5919964 0 21047092 3652 3145724 0 3145724 0 0 116 0 0 22062664 0 8 238 0 0 0 0 107904 282 34 27 4 0 0 0 0 0 0 6 6 0 8 8 0 0 0
20210322 17:39:41 0 0 0 0 0 0 0 100 0 0 0 673 1049 0 1199 0 0.00 0.11 0.20 0 0 263927764 44071784 219855980 9816 349532 35855020 1317736 78060 5920048 0 21047092 3652 3145724 0 3145724 0 0 116 0 0 22062664 0 0 209 0 0 0 0 107904 330 38 31 4 0 0 0 0 0 0 0 0 0 0 0 0 0 0
20210322 17:39:42 0 0 0 0 0 0 0 100 0 0 0 575 895 0 1199 0 0.00 0.11 0.20 0 0 263927764 44071908 219855856 9816 349532 35855020 1317736 78060 5920144 0 21047092 3652 3145724 0 3145724 0 0 116 0 0 22062664 0 0 109 0 0 0 0 107904 278 20 22 2 0 0 0 0 0 0 0 0 0 0 0 0 0 0
20210322 17:39:43 0 0 0 0 0 0 0 100 0 0 0 690 1040 0 1199 0 0.00 0.11 0.20 0 0 263927764 44072032 219855732 9816 349532 35855020 1317736 78060 5920176 0 21047092 3652 3145724 0 3145724 0 0 116 0 0 22062664 0 0 150 0 0 0 0 107904 322 35 37 3 0 0 0 0 0 0 0 0 0 0 0 0 0 0
20210322 17:39:44 0 0 0 0 0 0 0 100 0 0 0 684 1078 0 1198 0 0.00 0.11 0.20 0 0 263927764 44072032 219855732 9816 349540 35855020 1317736 78060 5920180 0 21047092 3652 3145724 0 3145724 0 0 124 0 0 22062664 0 16 492 0 0 0 0 107904 328 35 35 3 0 0 0 0 0 0 4 4 0 16 16 0 2 2
20210322 17:39:45 0 0 0 0 0 0 0 100 0 0 0 670 975 1 1198 0 0.00 0.11 0.20 0 0 263927764 44072132 219855632 9816 349540 35855028 1317736 78060 5920188 0 21047092 3652 3145724 0 3145724 0 0 132 0 0 22062664 0 12 188 0 0 0 0 107904 318 35 30 4 0 0 0 0 0 0 6 6 0 12 12 0 0 0
20210322 17:39:46 0 0 0 0 0 0 0 100 0 0 0 674 1062 0 1197 1 0.00 0.11 0.20 1 0 263927764 44072236 219855528 9816 349540 35855028 1317736 78060 5920244 0 21047092 3652 3145724 0 3145724 0 0 132 0 0 22062660 0 8 421 0 0 0 0 107904 331 44 31 5 0 0 0 0 0 0 6 6 0 8 8 0 0 0
20210322 17:39:47 0 0 0 0 0 0 0 100 0 0 0 636 856 0 1197 0 0.00 0.11 0.20 0 0 263927764 44073216 219854548 9816 349540 35855028 1317736 78060 5920332 0 21047092 3652 3145724 0 3145724 0 0 132 0 0 22062660 0 0 235 0 0 0 0 107904 309 25 26 3 0 0 0 0 0 0 0 0 0 0 0 0 0 0
20210322 17:39:48 0 0 0 0 0 0 0 100 0 0 0 751 1009 0 1197 0 0.00 0.11 0.20 0 0 263927764 44073136 219854628 9816 349540 35855028 1317736 78060 5920412 0 21047092 3652 3145724 0 3145724 0 0 132 0 0 22062660 0 0 94 0 0 0 0 107904 510 24 36 2 0 0 0 0 0 0 0 0 0 0 0 0 0 0
20210322 17:39:49 0 0 0 0 0 0 0 100 0 0 0 666 897 0 1197 0 0.00 0.11 0.20 1 0 263927764 44073012 219854752 9816 349540 35855028 1317736 78060 5920440 0 21047092 3652 3145724 0 3145724 0 0 132 0 0 22062660 0 12 89 0 0 0 0 107904 520 27 36 5 0 0 0 0 0 0 9 9 0 12 12 0 0 0
20210322 17:39:50 0 0 0 0 0 0 0 100 0 0 0 648 922 0 1197 0 0.00 0.11 0.20 0 0 263927764 44073136 219854628 9816 349548 35855020 1317736 78060 5920524 0 21047092 3652 3145724 0 3145724 0 0 132 0 0 22062660 0 32 82 0 0 0 0 107904 515 30 39 3 0 0 0 0 0 0 3 3 0 32 32 0 5 5
20210322 17:39:51 0 0 0 0 0 0 0 100 0 0 0 725 972 0 1197 0 0.00 0.11 0.20 0 0 263927764 44072996 219854768 9816 349556 35855028 1317736 78060 5920624 0 21047092 3652 3145724 0 3145724 0 0 124 0 0 22062676 0 16 133 0 0 0 0 107904 564 33 43 3 0 0 0 0 0 0 4 4 0 16 16 0 2 2
20210322 17:39:52 0 0 0 0 0 0 0 100 0 0 0 595 898 0 1197 0 0.00 0.11 0.20 0 0 263927764 44073120 219854644 9816 349556 35855028 1317736 78060 5920652 0 21047092 3652 3145724 0 3145724 0 0 124 0 0 22062676 0 0 65 0 0 0 0 107904 339 16 24 2 0 0 0 0 0 0 0 0 0 0 0 0 0 0
20210322 17:39:53 0 0 0 0 0 0 0 100 0 0 0 636 956 0 1197 0 0.00 0.11 0.20 0 0 263927764 44073120 219854644 9816 349556 35855036 1317736 78060 5920664 0 21047092 3652 3145724 0 3145724 0 0 132 0 0 22062676 0 0 92 0 0 0 0 107904 275 30 25 3 0 0 0 0 0 0 0 0 0 0 0 0 0 0
20210322 17:39:54 0 0 0 0 0 0 0 100 0 0 0 560 859 0 1197 0 0.00 0.11 0.20 0 0 263927764 44073244 219854520 9816 349556 35855036 1317736 78060 5920740 0 21047092 3652 3145724 0 3145724 0 0 132 0 0 22062676 0 0 89 0 0 0 0 107904 262 26 22 3 0 0 0 0 0 0 0 0 0 0 0 0 0 0
20210322 17:39:55 0 0 0 0 0 0 0 100 0 0 0 768 938 0 1197 0 0.00 0.11 0.20 0 0 263927764 44073368 219854396 9816 349556 35855036 1317736 78060 5920784 0 21047092 3652 3145724 0 3145724 0 0 132 0 0 22062676 0 0 290 0 0 0 0 107904 275 16 20 2 0 0 0 0 0 0 0 0 0 0 0 0 0 0
20210322 17:39:56 0 0 0 0 0 0 0 100 0 0 0 686 1064 0 1197 0 0.00 0.11 0.20 0 0 263927764 44073488 219854276 9816 349556 35855036 1317736 78060 5920796 0 21047092 3652 3145724 0 3145724 0 0 120 0 0 22062676 0 12 131 0 0 0 0 107904 310 37 28 4 0 0 0 0 0 0 2 2 0 12 12 0 0 0
20210322 17:39:57 0 0 0 0 0 0 0 100 0 0 0 605 845 0 1197 0 0.00 0.11 0.20 0 0 263927764 44073488 219854276 9816 349556 35855036 1317736 78060 5920864 0 21047092 3652 3145724 0 3145724 0 0 132 0 0 22062676 0 0 56 0 0 0 0 107904 274 20 22 2 0 0 0 0 0 0 0 0 0 0 0 0 0 0
20210322 17:39:58 0 0 0 0 0 0 0 100 0 0 0 649 1010 0 1197 0 0.00 0.10 0.20 0 0 263927764 44073364 219854400 9816 349564 35855044 1317736 78060 5920904 0 21047092 3652 3145724 0 3145724 0 0 132 0 0 22062676 0 40 237 0 0 0 0 107904 289 34 34 3 0 0 0 0 0 0 5 5 0 40 40 0 5 5
20210322 17:39:59 0 0 0 0 0 0 0 100 0 0 0 641 882 0 1197 0 0.00 0.10 0.20 1 0 263927764 44073736 219854028 9816 349564 35855052 1317736 78060 5920916 0 21047092 3652 3145724 0 3145724 0 0 148 0 0 22062676 0 0 107 0 0 0 0 107904 311 33 31 3 0 0 0 0 0 0 0 0 0 0 0 0 0 0
20210322 17:40:00 10 0 1 0 0 0 0 89 11 0 0 101760 40985 2 1198 1 0.00 0.10 0.20 1 0 263927764 44094368 219833396 9816 349564 35855060 1317736 78060 5935104 0 21047092 3652 3145724 0 3145724 0 0 156 0 0 22062676 0 20 72362 0 0 0 0 107904 4221 5640 2376 6043 0 0 0 0 0 0 15 15 0 20 20 0 0 0
20210322 17:40:01 4 0 0 0 0 0 0 96 4 0 0 5993 3711 0 1198 1 0.00 0.10 0.20 2 0 263927764 44104572 219823192 9816 349564 35855228 1317772 78060 5945808 0 21047092 3652 3145724 0 3145724 0 0 140 0 0 22062720 0 236 13515 0 0 0 0 107940 893 656 193 464 0 0 0 0 0 0 27 27 0 236 236 0 1 1
20210322 17:40:02 1 0 2 0 0 0 0 97 3 0 0 5239 5228 84 1083 1 0.00 0.10 0.20 1 0 263927764 40061880 223865884 9816 349564 32783936 1233440 75052 5058884 0 19034592 3652 3145724 0 3145724 0 0 168 0 0 18992164 0 36 21867 0 0 0 0 107940 462 225 50 52 0 0 0 0 0 0 24 24 0 36 36 0 0 0
20210322 17:40:03 6 0 1 0 0 0 0 93 6 0 0 1692 17706 22 1103 1 0.56 0.22 0.23 1 0 263927764 40175040 223752724 9816 349576 32783556 1233104 74640 5171416 0 19060796 3652 3145724 0 3145724 0 0 196 0 0 18992144 0 144 32626 0 0 0 0 107788 304 37 44 3 0 0 0 0 0 0 7 7 0 144 144 0 29 29
20210322 17:40:04 4 0 0 0 0 0 0 96 4 0 0 5353 7845 38 1052 1 0.56 0.22 0.23 1 0 263927764 40046736 223881028 9816 349576 32783580 1233040 74648 5042796 0 16455716 3652 3145724 0 3145724 0 0 220 0 0 18992156 0 28 40074 0 0 0 0 107724 274 32 22 4 0 0 0 0 0 0 21 21 0 28 28 0 0 0
20210322 17:40:05 6 0 1 0 0 0 0 93 7 0 0 1929 17068 53 1103 1 0.56 0.22 0.23 1 0 263927764 40160384 223767380 9816 349576 32783580 1233024 74692 5156708 0 19013392 3652 3145724 0 3145724 0 0 228 0 0 18992176 0 0 32220 0 0 0 0 107708 269 27 23 7 0 0 0 0 0 0 0 0 0 0 0 0 0 0
20210322 17:40:06 4 0 0 0 0 0 0 96 4 0 0 4250 6602 54 1086 1 0.56 0.22 0.23 1 0 263927764 40054008 223873756 9816 349588 32783580 1232912 74692 5049592 0 15948160 3652 3145724 0 3145724 0 0 108 0 0 18992176 0 256 40748 0 0 0 0 107724 274 29 22 5 0 0 0 0 0 0 16 16 0 256 256 0 42 42
20210322 17:40:07 4 0 1 0 0 0 0 95 5 0 0 1575 16503 68 1102 1 0.56 0.22 0.23 1 0 263927764 40157116 223770648 9816 349588 32783580 1232812 74692 5154280 0 19662340 3652 3145724 0 3145724 0 0 296 0 0 18992176 0 0 34416 0 0 0 0 107624 262 16 20 2 0 0 0 0 0 0 0 0 0 0 0 0 0 0
20210322 17:40:08 5 0 1 0 0 0 0 94 6 0 0 6074 13118 3 1103 2 0.76 0.26 0.25 2 0 263927764 40282024 223645740 9816 349592 32783580 1232836 74692 5277552 0 19662340 3652 3145724 0 3145724 0 0 304 0 0 18992176 0 140 34514 0 0 0 0 107648 285 28 25 6 0 0 0 0 0 0 9 9 0 140 140 0 26 26
20210322 17:40:09 5 0 0 0 0 0 0 94 6 0 0 8086 11263 50 1153 2 0.76 0.26 0.25 3 0 263927764 40398124 223529640 9816 349592 32783584 1232772 77472 5395652 0 19195708 3652 3145724 0 3145724 0 0 320 0 0 18992176 0 8 35827 0 0 0 0 107536 288 39 23 8 0 0 0 0 0 0 1 1 0 8 8 0 0 0
20210322 17:40:10 8 0 1 0 0 0 0 91 9 0 0 61465 14352 15 1168 2 0.76 0.26 0.25 2 0 263927764 40470144 223457620 9816 349592 32783584 1232788 77472 5463492 0 20042944 3652 3145724 0 3145724 0 0 312 0 0 18992176 0 0 43323 0 0 0 0 107544 354 109 46 49 0 1 0 0 0 0 0 0 0 0 0 0 0 0
20210322 17:40:11 7 0 0 0 0 0 0 93 7 0 0 17345 4502 5 1173 1 0.76 0.26 0.25 1 0 263927764 40512824 223414940 9816 349600 32783588 1232788 77472 5509736 0 20042944 3652 3145724 0 3145724 0 0 332 0 0 18992176 0 80 31743 0 0 0 0 107544 282 26 24 6 0 0 0 0 0 0 10 10 0 80 80 0 16 16
20210322 17:40:12 6 0 1 0 0 0 0 93 7 0 0 23867 23705 17 1190 1 0.76 0.26 0.25 1 0 263927764 40705580 223222184 9816 349600 32783604 1232788 77472 5697688 0 20145628 3652 3145724 0 3145724 0 0 376 0 0 18992176 0 32 65880 0 0 0 0 107544 6260 11652 7450 16428 0 0 0 0 0 0 24 24 0 32 32 0 0 0
20210322 17:40:13 6 0 1 0 0 0 0 93 7 0 0 38582 19226 0 1190 1 0.78 0.28 0.25 1 0 263927764 40823904 223103860 9816 349604 32783604 1232780 77472 5817032 0 20092164 3652 3145724 0 3145724 0 0 380 0 0 18992184 0 88 42827 0 0 0 0 107536 14873 34017 18140 48555 0 0 0 0 0 0 4 4 0 88 88 0 18 18
20210322 17:40:14 5 0 0 0 0 0 0 95 5 0 0 7889 7734 0 1190 1 0.78 0.28 0.25 1 0 263927764 40936792 222990972 9816 349604 32783612 1232772 77472 5931352 0 20092164 3652 3145724 0 3145724 0 0 368 0 0 18992184 0 184 33391 0 0 0 0 107528 15873 36750 20143 53127 0 0 0 0 0 0 19 19 0 184 184 0 27 27
20210322 17:40:15 4 0 0 0 0 0 0 95 5 0 0 7680 7289 1 1190 1 0.78 0.28 0.25 1 0 263927764 40997848 222929916 9816 349604 32783612 1232932 77472 5992108 0 20256792 3652 3145724 0 3145724 0 0 184 0 0 18992184 0 8 15433 0 0 0 0 107688 16291 37695 20685 54425 0 0 0 0 0 0 6 6 0 8 8 0 0 0
20210322 17:40:16 5 0 0 0 0 0 0 95 5 0 0 62375 7622 0 1190 2 0.78 0.28 0.25 1 0 263927764 41009816 222917948 9816 349604 32783612 1232932 77472 6001432 0 20309088 3652 3145724 0 3145724 0 0 184 0 0 18992184 0 0 10182 0 0 0 0 107688 16508 38634 21015 55786 0 0 0 0 0 0 0 0 0 0 0 0 0 0
20210322 17:40:17 2 0 0 0 0 0 0 97 3 0 0 6560 6114 0 1189 1 0.78 0.28 0.25 1 1 263927764 41251428 222676336 9816 349612 32783604 1232796 77472 6244376 0 20309088 3652 3145724 0 3145724 0 0 184 0 0 18992184 0 20 62102 0 0 0 0 107552 14504 33519 18412 48565 0 0 0 0 0 0 4 4 0 16 16 0 2 2
20210322 17:40:18 0 0 0 100 0 0 0 0 0 0 0 8037 7330 1 1190 1 0.79 0.29 0.26 1 0 263927764 41285092 222642672 9816 349612 32783612 1232988 77472 6279736 0 20714916 3652 3145724 0 3145724 0 0 192 0 0 18992184 0 4 11556 0 0 0 0 107744 16507 38315 20784 55322 0 0 0 0 0 0 6 6 0 8 8 0 0 0
20210322 17:40:19 5 0 0 0 0 0 0 95 5 0 0 7460 8155 0 1190 1 0.79 0.29 0.26 2 0 263927764 41303396 222624368 9816 349616 32783612 1232828 77472 6295684 0 20714916 3652 3145724 0 3145724 0 0 188 0 0 18992184 0 32 5828 0 0 0 0 107584 16341 38006 20725 54856 0 0 0 0 0 0 3 3 0 32 32 0 5 5
20210322 17:40:20 4 0 0 0 0 0 0 96 4 0 0 8468 7251 1 1190 1 0.79 0.29 0.26 2 0 263927764 41306048 222621716 9816 349616 32783620 1233108 77472 6299752 0 20714916 3652 3145724 0 3145724 0 0 200 0 0 18992176 0 8 1708 0 0 0 0 107864 17370 40533 21923 58494 0 0 0 0 0 0 6 6 0 8 8 0 0 0
20210322 17:40:21 2 0 1 0 0 0 0 97 3 0 0 5962 5822 0 1190 1 0.79 0.29 0.26 1 0 263927764 41583168 222344596 9816 349616 32783620 1233284 77472 6576760 0 20714916 3652 3145724 0 3145724 0 0 200 0 0 18992176 0 0 70215 0 0 0 0 108040 13795 32665 17477 47334 0 0 0 0 0 0 0 0 0 0 0 0 0 0
20210322 17:40:22 3 0 0 0 0 0 0 97 3 0 0 10803 5448 1 1190 1 0.79 0.29 0.26 1 0 263927764 41703156 222224608 9816 349616 32783620 1233284 77472 6698064 0 21043428 3652 3145724 0 3145724 0 0 200 0 0 18992176 0 0 123469 0 0 0 0 108040 13107 30412 16655 44140 0 0 0 0 0 0 0 0 0 0 0 0 0 0
20210322 17:40:23 3 0 0 0 0 0 0 97 3 0 0 8806 5422 1 1190 1 0.89 0.32 0.27 1 0 263927764 41708624 222219140 9816 349624 32783620 1233188 77472 6700708 0 21043428 3652 3145724 0 3145724 0 0 204 0 0 18992184 0 24 126615 0 0 0 0 107944 13683 31536 17319 45707 0 0 0 0 0 0 10 10 0 24 24 0 2 2
20210322 17:40:24 3 0 1 0 0 0 0 97 3 0 0 9234 5574 0 1190 1 0.89 0.32 0.27 1 0 263927764 41707816 222219948 9816 349624 32783620 1233180 77472 6700604 0 21043428 3652 3145724 0 3145724 0 0 204 0 0 18992184 0 0 131867 0 0 0 0 107936 13412 32194 16935 46732 0 0 0 0 0 0 0 0 0 0 0 0 0 0
20210322 17:40:25 3 0 1 0 0 0 0 96 4 0 0 17527 5331 0 1190 1 0.89 0.32 0.27 1 0 263927764 41720832 222206932 9816 349632 32783612 1233244 77472 6714660 0 21043428 3652 3145724 0 3145724 0 0 204 0 0 18992184 0 36 118537 0 0 0 0 108000 11973 27664 15203 40151 0 0 0 0 0 0 3 3 0 36 36 0 6 6
20210322 17:40:26 2 0 1 0 0 0 0 97 3 0 0 9415 5469 1 1190 1 0.89 0.32 0.27 1 0 263927764 41723308 222204456 9816 349632 32783620 1233180 77472 6716036 0 21043428 3652 3145724 0 3145724 0 0 168 0 0 18992180 0 32 119583 0 0 0 0 107936 13268 30342 16398 43978 0 0 0 0 0 0 7 7 0 32 32 0 0 0
20210322 17:40:27 3 0 0 0 0 0 0 97 3 0 0 8153 5821 1 1191 1 0.89 0.32 0.27 2 0 263927764 41722040 222205724 9816 349632 32783620 1233164 77472 6715932 0 21043428 3652 3145724 0 3145724 0 0 180 0 0 18992180 0 0 107432 0 0 0 0 107920 14246 33325 17692 48330 0 0 0 0 0 0 0 0 0 0 0 0 0 0
20210322 17:40:28 0 0 0 0 0 0 0 99 1 0 0 2148 2048 0 1191 1 0.82 0.31 0.27 1 0 263927764 41761212 222166552 9816 349632 32783628 1233060 77472 6755156 0 21043428 3652 3145724 0 3145724 0 0 192 0 0 18992180 0 0 21419 0 0 0 0 107816 2790 5392 3222 7781 0 0 0 0 0 0 0 0 0 0 0 0 0 0
